21
383
29 29 2 15 46 3 20 50 26 42 14 5 35 28 45 40 14 45 26 44 14 45 7 17 18 57 4 0 7 21 3 28 54 29 40 48 41 20 54 20 24 35 50 50 55 45 21 31 35 26 37 48 38 10 36 59 31 53 40 49 56 21 17 28 54 56 8 28 16 53 45 36 49 6 12 18 45 4 39 22 30 56 47 13 58 15 9 2 3 15 3 33 32 24 46 40 6 10 45 37 34 8 49 55 3 19 54 59 58 20 18 32 43 55 3 20 41 29 31 35 55 49 10 46 40 38 55 44 16 52 45 56 53 36 14 26 41 40 31 57 18 5 51 24 31 0 48 29 32 19 3 38 22 0 24 46 2 57 22 4 29 58 23 45 52 39 34 43 33 55 56 30 5 20 39 20 16 13 41 15 50 8 47 12 31 16 32 39 8 14 0 0 25 3 53 20 15 16 34 30 59 42 28 54 41 31 16 53 16 26 46 52 45 33 58 23 2 39 47 22 28 10 35 34 35 15 12 28 45 27 32 35 57 21 50 45 44 21 12 24 10 13 34 34 51 45 7 51 27 21 14 36 21 51 20 39 11 40 59 25 10 57 51 11 31 29 11 35 27 41 51 6 52 37 38 39 30 59 9 5 48 51 34 15 47 14 2 39 14 11 32 34 19 21 44 52 10 23 50 19 28 52 41 13 14 59 14 36 35 55 56 36 4 57 45 7 42 2 49 35 52 18 22 39 39 50 26 35 19 14 21 46 0 16 3 25 40 58 23 11 34 9 21 32 27 45 6 23 55 19 37 47 43 21 26 57 15 20 43 34 59 16 4 17 35 12 46 25 45 41 27 1 34 52 36 12 55 59 18 19 49 37 1

49
538
48 77 57 28 70 74 45 84 43 48 100 91 41 8 27 37 88 61 24 45 76 23 61 91 19 93 96 2 27 79 59 86 46 27 79 8 84 81 28 35 64 64 36 95 18 45 19 53 83 10 57 83 71 22 70 16 14 69 5 80 29 95 34 98 55 76 14 48 57 22 20 44 10 33 98 91 18 42 57 58 86 3 66 26 70 58 89 77 52 89 14 70 78 6 53 84 93 99 53 58 28 62 2 70 50 7 84 26 97 88 12 10 45 25 35 30 10 39 58 33 33 37 70 65 27 19 5 33 94 51 1 24 24 43 31 84 13 28 6 67 61 10 68 17 26 69 87 20 23 34 72 28 4 24 75 52 35 58 65 77 90 37 2 51 9 20 70 28 21 93 86 30 95 34 67 85 54 29 79 12 13 76 4 87 13 77 48 74 100 78 0 21 1 20 62 37 88 56 27 0 43 9 76 16 83 83 85 14 54 3 88 33 83 53 62 62 44 71 43 89 42 72 8 20 11 54 66 64 65 77 43 53 29 52 42 16 41 18 49 76 92 9 94 9 7 79 92 41 81 49 79 23 36 57 60 41 7 99 56 83 95 71 42 53 90 100 72 26 28 37 77 75 54 98 5 36 37 99 35 69 100 76 72 77 83 99 1 5 64 81 52 44 13 27 79 53 15 15 31 42 45 45 59 20 68 15 62 66 63 44 98 58 84 63 37 8 14 72 94 80 75 13 89 6 95 27 42 90 55 32 8 46 48 45 66 4 26 79 99 45 35 4 89 52 25 14 79 1 14 1 9 97 60 14 3 56 93 12 87 5 77 10 19 51 68 84 48 43 78 12 25 38 73 36 40 19 1 72 85 1 81 42 21 75 79 100 76 47 86 46 48 24 53 18 58 0 48 65 49 91 21 48 18 100 43 75 17 9 62 50 12 60 73 97 89 94 65 71 39 54 0 82 80 57 36 78 30 17 52 80 35 59 45 93 6 72 7 37 14 28 99 10 22 76 13 3 33 98 80 41 46 73 60 92 7 83 82 78 15 11 19 2 18 47 65 28 98 42 6 85 15 61 82 86 68 61 1 42 16 9 45 60 76 41 89 45 6 18 87 57 8 24 27 33 15 37 28 36 11 38 100 51 72 30 69 77 13 13 81 41 40 31 43 76 40 98 17 53 76 61 25 13 84 2 62 24 49 43 30 95 10 57 85 78 6 61 38 0

97
367
47 0 144 3 34 51 33 56 8 105 57 101 23 22 79 50 69 78 8 101 131 53 95 112 51 0 139 52 95 133 20 15 21 34 138 22 68 9 49 89 70 20 101 34 143 28 67 150 19 144 76 67 98 133 57 142 35 41 24 22 99 146 142 111 39 68 8 110 125 55 78 58 85 74 105 100 44 95 127 141 110 134 137 123 10 97 44 95 6 80 36 83 139 27 92 66 31 18 92 139 149 73 66 100 136 74 72 82 124 113 116 114 108 52 75 32 11 138 32 78 150 130 118 44 103 117 134 134 123 64 22 118 120 105 75 113 79 71 87 130 67 39 84 0 129 74 79 146 119 29 58 71 13 119 26 43 21 13 72 43 70 104 48 96 46 19 121 2 119 65 46 120 105 115 147 122 144 145 121 22 49 23 103 112 36 137 50 128 46 6 71 130 101 133 75 25 68 21 23 39 96 54 78 129 103 119 58 65 93 47 29 63 52 113 17 113 120 35 39 72 96 142 68 48 121 108 26 68 69 114 148 108 56 136 25 141 76 71 6 44 125 20 131 130 49 4 139 89 15 126 81 145 120 44 108 142 19 94 1 41 73 119 137 84 127 19 65 53 26 70 129 127 59 59 131 67 121 121 9 40 45 84 143 138 136 82 5 92 132 86 99 64 38 142 65 32 81 124 83 140 94 84 70 35 19 3 38 79 54 77 58 4 60 7 63 20 135 70 72 126 109 126 130 95 134 2 15 32 71 131 31 150 60 100 146 51 71 113 75 127 143 59 37 13 114 115 77 42 126 86 31 46 23 101 40 124 73 55 108 26 141 150 9 103 17 31 53

32
302
31 8 6 48 53 10 31 34 56 52 48 13 31 22 37 46 6 18 50 20 37 51 8 11 23 45 44 33 56 52 36 30 55 31 52 44 39 45 5 29 45 47 1 17 32 53 9 42 0 7 11 42 57 9 24 31 55 52 7 0 33 15 23 31 54 55 13 9 0 29 2 6 24 18 28 18 54 38 56 38 5 39 50 23 9 35 50 54 7 6 44 15 20 45 55 17 31 29 45 38 30 20 27 9 2 39 32 22 5 27 25 16 25 59 50 46 16 35 28 40 0 32 47 14 56 4 2 58 54 28 12 24 55 30 28 47 16 23 11 53 14 45 15 23 33 4 49 39 15 34 18 49 45 51 35 8 36 5 11 35 38 8 22 45 43 27 1 21 40 34 51 56 42 35 3 19 57 53 51 31 13 33 36 0 37 34 10 8 25 44 24 15 34 8 30 25 18 36 59 17 36 29 44 52 56 2 22 54 10 6 8 14 9 10 43 46 10 4 40 31 0 20 32 13 6 29 51 57 49 50 35 7 49 58 56 14 7 34 24 52 11 34 40 24 52 36 42 29 32 57 11 12 40 46 24 15 42 37 49 46 4 33 50 52 2 12 36 52 13 50 37 36 47 8 9 31 32 52 37 4 54 29 56 10 7 58 44 25 13 13 29 8 23 0 2 32 17 47 49 53 36 48


38
488
15 4 14 38 5 25 0 1 28 29 22 27 38 43 11 39 2 7 40 28 31 4 30 29 39 29 24 3 38 33 5 34 21 13 26 14 16 38 39 34 20 9 0 41 15 2 26 11 28 15 4 13 38 0 38 17 16 14 5 21 18 43 6 35 22 38 40 20 37 13 11 15 39 3 30 6 9 40 1 32 2 13 40 11 28 12 23 34 7 14 15 18 13 20 8 34 21 35 27 7 11 39 43 13 9 15 14 35 14 9 36 20 17 13 37 1 13 8 36 27 20 1 40 0 35 24 2 28 37 19 37 34 35 23 26 6 20 3 4 18 42 14 27 20 3 3 37 41 31 41 16 22 33 26 17 14 20 29 9 34 11 43 35 42 4 32 1 24 28 25 42 20 9 19 27 38 7 0 28 24 32 9 35 23 43 18 32 41 15 37 23 21 40 9 16 20 5 15 41 5 41 7 41 21 9 8 20 21 9 6 29 30 30 11 2 29 19 42 1 39 34 6 17 42 8 2 36 0 34 31 9 4 7 14 27 22 16 2 39 2 13 1 22 10 30 8 2 10 41 43 24 33 5 17 31 39 3 31 17 38 43 4 17 28 23 12 14 41 31 1 19 27 4 31 34 27 2 3 10 11 5 29 33 30 1 0 4 16 2 21 18 20 41 28 41 31 32 24 16 13 4 18 31 11 40 42 4 24 27 35 33 6 29 39 21 10 15 22 3 3 13 10 42 2 34 35 24 27 0 20 1 20 8 7 17 37 30 30 17 11 17 41 39 22 24 4 29 42 39 14 3 25 26 18 31 10 27 32 8 16 36 24 18 28 8 30 0 38 23 2 18 4 7 24 20 24 23 41 32 2 20 6 20 19 39 25 22 38 24 10 22 42 24 16 11 0 32 25 1 38 17 6 0 32 0 19 25 8 20 10 19 5 30 26 6 29 1 22 20 35 1 17 36 38 31 9 17 37 9 4 7 25 23 26 8 38 28 7 30 33 41 41 39 29 1 31 17 25 28 35 0 32 43 3 40 27 35 39 38 8 5 6 8 35 42 43 17 39 19 24 4 42 18 18 5 13 24 31 25 27 14 2 15 24 14 10 3 20

39
530
14 3 15 21 46 30 44 6 8 30 14 30 25 59 7 8 38 12 1 36 39 8 20 17 45 3 52 14 28 46 7 31 19 23 56 45 27 25 32 11 22 42 2 20 56 18 43 18 47 1 20 30 2 17 10 36 31 24 3 34 5 50 34 9 37 2 18 23 26 20 51 4 28 19 31 14 43 44 35 56 1 15 10 17 51 17 51 50 35 15 45 30 23 33 58 15 15 31 52 43 18 10 9 36 23 26 47 11 45 21 34 4 22 35 26 18 5 25 41 32 6 35 4 9 17 47 49 24 49 23 9 22 28 17 33 10 16 52 55 59 3 10 12 12 16 15 24 21 14 15 11 39 41 48 54 7 1 35 38 39 41 41 30 51 41 22 12 17 18 52 40 35 49 1 52 1 35 40 25 14 4 18 31 29 20 7 30 43 15 18 15 53 29 2 49 33 20 16 46 59 36 25 46 51 25 37 37 37 6 3 6 26 19 47 12 28 10 58 29 50 43 12 29 40 47 42 27 44 42 3 11 19 8 9 8 6 24 37 0 1 30 59 52 11 9 24 27 57 23 54 41 47 42 48 57 13 45 29 26 19 30 33 9 30 58 16 49 35 8 16 0 2 7 37 50 35 13 34 56 38 59 35 27 51 12 55 42 23 2 28 35 38 53 57 6 2 59 23 11 33 22 27 17 31 57 0 13 40 12 42 21 16 15 16 13 9 45 36 38 21 12 54 51 6 59 47 41 59 40 11 22 10 45 27 33 16 20 44 36 50 27 1 3 36 1 20 16 2 53 51 32 2 23 15 13 50 7 4 21 10 22 54 8 40 31 41 40 16 13 33 43 6 42 58 56 37 30 38 14 21 35 46 45 46 51 42 24 33 6 3 42 37 17 54 30 0 0 40 57 14 19 45 4 17 10 48 46 18 11 45 59 24 48 43 48 44 46 45 45 35 56 38 50 44 46 30 41 0 6 31 32 5 41 50 11 48 15 14 21 28 5 28 54 10 3 2 14 58 34 22 21 14 54 28 20 26 57 40 44 47 36 33 57 32 47 32 44 55 6 9 51 22 19 14 12 14 9 35 27 16 18 5 29 2 24 33 53 12 38 24 35 46 36 29 36 48 51 21 12 24 20 21 32 46 17 1 0 13 56 1 30 25 27 19 9 39 19 6 44 14 46 34 33 15 14 5 13 44 23 48

5
306
7 36 28 42 17 42 41 0 25 55 27 54 50 36 1 24 32 58 47 25 57 53 1 32 54 24 27 25 37 3 18 16 60 28 20 26 36 21 42 53 56 61 21 36 22 36 12 19 15 43 5 27 30 8 9 28 22 50 23 3 55 30 33 56 54 1 13 25 52 33 45 0 2 7 9 19 16 32 48 44 56 22 19 42 34 60 34 7 54 12 7 35 8 6 10 18 17 17 24 19 59 1 0 32 59 53 34 6 3 23 45 28 31 30 24 54 28 19 18 44 35 61 32 60 8 41 2 33 28 45 60 47 19 13 53 26 13 38 47 30 28 41 16 11 2 57 19 28 19 48 39 44 20 38 10 29 37 0 7 8 16 0 56 16 24 54 21 18 19 58 10 58 51 36 29 50 37 58 55 18 7 11 14 20 16 12 0 40 9 21 58 0 57 8 56 60 44 8 8 30 6 7 50 46 35 55 40 10 7 53 28 12 14 59 60 9 13 3 2 39 13 22 32 4 50 40 52 19 30 43 31 58 37 7 2 60 53 4 42 14 26 37 54 56 3 26 34 42 31 34 15 49 20 33 55 60 24 39 16 9 35 36 16 9 53 26 37 3 61 48 56 12 35 52 0 15 50 25 30 40 27 52 31 23 27 22 47 25 34 39 27 56 20 3 32 18 59 45 55 9 43 48 44 19 23 30

24
126
10 8 8 48 29 38 15 49 44 34 29 51 27 46 6 53 35 4 28 31 13 38 5 46 14 34 25 4 47 14 8 52 15 41 24 14 6 36 50 16 20 29 42 52 28 52 3 40 38 22 33 8 18 38 49 52 7 17 13 19 15 34 12 49 48 23 19 12 32 30 37 36 49 6 41 35 8 44 34 32 42 23 36 26 4 1 9 28 13 13 31 23 6 47 30 43 12 16 7 53 0 26 14 35 35 44 14 45 24 51 16 4 18 7 22 52 9 17 26 48 45 35 4 2 32 20


42
233
77 12 13 104 96 74 91 99 69 50 110 26 55 64 25 46 14 81 34 42 11 81 98 87 110 100 39 0 104 30 26 33 99 95 105 91 58 33 79 72 91 90 96 71 87 27 83 70 97 37 75 23 53 44 102 110 79 62 41 53 61 105 93 14 88 65 72 36 111 6 73 40 32 84 70 116 38 15 113 102 76 71 96 64 23 7 117 70 118 85 86 11 4 118 38 54 8 51 112 109 19 16 40 47 106 72 115 76 90 116 36 15 21 20 105 86 23 16 20 34 72 99 3 86 0 5 85 101 19 56 57 85 60 122 53 91 71 41 36 34 49 78 113 117 101 83 67 60 69 15 33 16 94 42 100 106 75 5 44 99 58 113 7 107 79 96 72 95 68 21 103 10 81 48 119 16 27 81 93 68 35 95 72 42 63 33 108 28 13 36 61 46 103 58 45 83 63 7 119 19 40 3 111 122 61 42 106 61 1 65 21 100 116 9 65 114 113 121 17 70 83 79 72 62 25 92 68 78 52 68 14 3 75

47
145
56 0 107 70 66 4 74 21 90 86 68 77 107 26 82 13 107 98 84 90 24 50 50 43 69 41 95 84 82 88 90 25 92 9 71 33 62 65 33 77 103 35 43 110 34 22 98 8 27 106 4 24 34 104 7 41 12 67 80 34 109 93 9 31 28 83 51 34 88 53 71 62 12 105 79 10 2 19 12 57 45 59 7 18 30 55 95 38 33 0 96 39 11 24 60 26 11 2 39 2 33 78 58 87 59 36 72 13 75 0 96 15 99 67 53 103 66 7 46 72 112 55 107 111 15 92 93 80 82 53 32 108 20 62 9 79 1 20 92 5 43 101 89 17 9
