1
100
19 6 13 16 17 15 14 10 3 2 1 13 18 9 9 19 8 3 1 9 3 16 11 15 0 10 9 5 5 7 16 12 11 7 4 6 14 6 19 1 0 11 13 18 8 0 7 10 7 7 9 10 0 5 7 10 13 13 4 17 9 0 15 10 4 7 17 5 5 7 15 5 16 18 0 14 18 4 17 15 2 10 16 2 3 16 5 2 19 2 8 8 14 5 3 18 7 3 15 1

2
100
19 6 13 16 17 15 14 10 3 2 1 13 18 9 9 19 8 3 1 9 3 16 11 15 0 10 9 5 5 7 16 12 11 7 4 6 14 6 19 1 0 11 13 18 8 0 7 10 7 7 9 10 0 5 7 10 13 13 4 17 9 0 15 10 4 7 17 5 5 7 15 5 16 18 0 14 18 4 17 15 2 10 16 2 3 16 5 2 19 2 8 8 14 5 3 18 7 3 15 1

3
100
19 6 13 16 17 15 14 10 3 2 1 13 18 9 9 19 8 3 1 9 3 16 11 15 0 10 9 5 5 7 16 12 11 7 4 6 14 6 19 1 0 11 13 18 8 0 7 10 7 7 9 10 0 5 7 10 13 13 4 17 9 0 15 10 4 7 17 5 5 7 15 5 16 18 0 14 18 4 17 15 2 10 16 2 3 16 5 2 19 2 8 8 14 5 3 18 7 3 15 1

4
100
19 6 13 16 17 15 14 10 3 2 1 13 18 9 9 19 8 3 1 9 3 16 11 15 0 10 9 5 5 7 16 12 11 7 4 6 14 6 19 1 0 11 13 18 8 0 7 10 7 7 9 10 0 5 7 10 13 13 4 17 9 0 15 10 4 7 17 5 5 7 15 5 16 18 0 14 18 4 17 15 2 10 16 2 3 16 5 2 19 2 8 8 14 5 3 18 7 3 15 1

5
100
19 6 13 16 17 15 14 10 3 2 1 13 18 9 9 19 8 3 1 9 3 16 11 15 0 10 9 5 5 7 16 12 11 7 4 6 14 6 19 1 0 11 13 18 8 0 7 10 7 7 9 10 0 5 7 10 13 13 4 17 9 0 15 10 4 7 17 5 5 7 15 5 16 18 0 14 18 4 17 15 2 10 16 2 3 16 5 2 19 2 8 8 14 5 3 18 7 3 15 1
