#Max page is given under each example. max_page is the maximum page which can be reffered.

15
100
49 7 2 11 41 49 33 45 32 44 23 2 40 50 14 17 28 36 32 1 6 42 19 39 25 6 23 16 46 4 52 24 4 22 7 29 13 48 16 9 24 13 36 52 35 12 31 27 14 52 38 4 28 54 34 41 17 25 15 23 6 20 40 13 40 17 9 46 43 10 34 40 5 23 17 53 18 35 8 14 38 40 43 15 54 5 46 10 12 1 18 37 30 14 2 17 36 54 42 26
55

15
100
12 16 2 9 11 23 2 10 17 19 23 18 20 13 11 12 19 18 10 13 17 21 17 9 19 19 21 14 7 21 17 4 16 6 9 14 10 8 7 19 16 11 13 0 10 4 3 6 2 18 13 22 14 13 11 10 14 8 17 0 23 1 18 19 19 22 22 15 20 2 18 11 16 21 2 13 19 5 6 17 4 8 19 22 12 8 15 14 3 17 2 5 22 4 14 20 2 14 2 15
24

15
100
46 11 50 26 42 46 29 31 8 21 37 18 22 0 24 37 59 0 60 24 27 48 9 49 7 55 49 13 14 57 25 50 47 64 34 6 47 32 34 10 38 48 53 41 35 29 15 18 55 39 59 16 1 61 36 27 45 13 10 35 16 35 63 12 42 51 15 13 9 53 19 30 60 0 49 23 24 54 59 24 63 32 4 50 26 44 42 37 30 19 52 2 54 16 24 2 58 26 64 55
65

15
100
0 7 8 15 10 8 16 2 11 17 11 14 4 16 4 18 1 17 3 1 5 9 2 17 10 5 3 16 4 10 7 12 7 18 16 16 0 6 13 13 18 16 2 12 16 14 10 2 1 0 13 10 3 6 5 3 17 8 2 11 14 4 18 8 16 12 9 11 13 1 9 0 12 13 16 12 9 1 8 10 6 9 14 5 11 9 18 16 13 10 10 9 17 1 15 4 12 12 3 15
19

15
100
75 78 6 40 61 49 35 74 42 32 30 66 63 50 27 36 77 30 24 73 1 52 69 56 0 6 58 76 48 37 41 38 3 27 38 75 35 31 37 19 69 14 60 1 53 72 41 42 46 66 62 10 71 39 10 12 76 57 63 20 19 71 73 57 15 58 49 44 70 47 54 6 30 72 54 55 78 50 18 65 2 44 9 55 1 2 19 35 37 71 33 10 52 56 71 0 39 78 43 66
80
