15
436
16 26 14 2 7 3 16 9 26 9 19 26 27 24 25 21 10 11 28 7 3 1 8 19 16 8 15 22 2 22 10 2 28 22 25 21 20 1 2 23 19 28 15 2 2 28 17 4 16 3 23 22 5 11 29 7 23 8 12 28 28 15 3 26 27 27 23 25 9 12 4 29 21 22 4 1 20 15 4 23 13 0 1 7 27 23 0 18 18 24 24 6 23 8 8 26 24 14 3 14 28 22 21 15 2 23 16 28 25 5 11 11 29 7 0 25 12 27 10 25 29 27 16 9 28 7 6 3 0 9 8 3 20 8 22 20 3 15 3 13 5 23 10 3 13 28 3 18 0 27 10 17 14 25 3 2 7 15 1 28 17 2 21 18 2 24 26 3 1 27 29 19 5 22 20 29 5 26 28 1 6 6 18 18 3 15 0 9 16 24 2 28 11 15 1 16 25 13 7 23 21 29 23 14 26 29 28 19 5 21 8 24 19 25 5 24 3 17 17 15 17 28 21 5 10 7 23 2 9 13 12 26 15 22 5 14 23 27 28 12 3 14 17 4 1 1 21 3 7 3 28 5 7 19 27 5 18 8 20 11 17 12 18 5 15 13 14 18 15 24 26 21 17 17 8 15 23 17 20 25 22 2 6 26 20 26 25 14 6 17 11 21 5 6 4 27 25 5 8 5 9 3 5 23 24 8 9 23 20 6 29 19 4 25 5 24 15 10 26 10 2 24 23 27 14 0 20 12 26 29 11 28 1 7 17 5 3 18 24 2 9 29 19 19 19 15 26 17 8 27 26 12 21 0 17 20 5 8 24 5 1 7 14 12 6 20 5 13 21 22 1 23 25 26 20 29 8 29 23 22 6 12 17 7 18 25 2 12 1 18 1 25 13 21 26 0 7 12 22 26 14 21 6 10 6 3 6 19 28 17 1 20 4 4 19 12 23 24 8 23 19 1 20 26 28 13 21 8 18 6 24 29 17 13 19 27

15
382
24 28 13 29 22 24 20 21 23 26 11 1 27 10 14 27 13 13 12 12 23 14 13 26 19 9 24 11 12 1 0 11 11 28 21 29 8 21 18 15 20 12 20 20 15 0 28 0 8 16 11 9 13 25 3 11 2 10 15 10 29 5 1 15 5 25 0 7 20 9 14 28 7 10 11 20 20 21 24 12 6 19 12 29 15 1 22 14 25 4 29 14 8 29 8 10 14 19 16 1 1 28 23 15 20 1 22 20 0 23 13 25 7 6 0 20 27 26 29 22 12 3 19 16 12 26 19 11 24 27 28 2 21 0 5 18 26 16 27 14 14 11 11 18 29 18 8 12 7 8 17 11 5 10 2 17 19 25 1 15 12 29 5 21 19 0 21 26 15 22 20 10 11 21 17 15 9 26 17 20 22 10 19 15 28 28 24 17 0 5 29 28 19 16 8 4 10 0 14 21 17 23 2 21 25 23 24 5 18 13 10 5 16 19 14 11 12 25 8 7 7 22 22 0 3 21 27 13 2 20 12 27 17 13 23 11 8 0 13 4 22 10 29 17 16 18 11 8 20 17 11 10 25 8 20 5 15 9 9 16 15 23 15 7 7 10 28 9 0 21 10 23 7 24 23 11 27 19 6 4 4 4 15 6 9 14 19 2 23 21 1 21 1 12 25 7 27 17 24 18 15 17 9 29 9 12 7 15 13 3 1 28 3 10 1 17 16 18 1 10 12 11 2 29 29 15 21 10 27 8 26 13 3 28 12 26 6 18 18 29 12 7 23 13 26 6 12 1 29 28 7 0 14 1 15 7 22 19 13 13 7 27 29 20 3 15 24 11 6 17 18 26 18 23 9 24 17 27 14 20 10 25

15
826
21 8 11 1 23 18 26 5 16 1 25 25 0 0 7 18 12 19 23 8 10 10 29 16 6 9 8 28 6 3 8 10 28 23 14 25 11 29 14 20 14 26 11 16 8 15 7 4 18 6 6 4 16 10 7 11 10 23 22 23 3 14 4 0 9 29 23 18 6 26 22 2 10 26 6 0 20 28 20 29 4 17 23 24 5 23 9 14 25 13 14 13 20 1 9 13 28 10 1 24 9 23 24 23 26 21 28 9 6 17 13 25 26 28 15 10 3 19 6 13 6 2 9 12 20 2 27 20 4 29 19 20 26 26 16 0 3 15 14 5 0 14 23 3 14 3 20 16 13 22 29 10 20 7 0 7 17 10 20 8 23 14 20 10 22 29 18 6 24 5 26 12 15 16 28 2 14 21 16 21 25 9 15 15 11 3 14 2 8 6 17 11 26 11 18 2 26 14 24 17 16 3 28 12 19 17 19 27 2 13 22 9 5 22 24 7 29 7 11 6 17 28 26 25 13 18 5 19 22 1 28 22 25 29 3 2 25 4 18 10 29 0 15 5 5 21 27 28 9 15 9 17 26 1 0 21 23 7 21 0 5 3 11 3 20 4 1 28 13 4 11 0 15 29 23 24 17 3 21 9 17 22 3 25 23 7 8 19 5 2 17 27 18 13 10 15 25 13 2 3 0 19 10 12 0 19 24 11 14 6 15 25 2 10 2 2 22 8 0 29 5 27 1 1 14 9 21 15 18 20 28 20 26 1 3 15 10 18 5 22 29 27 28 9 24 21 11 25 7 20 10 26 13 15 14 2 21 9 17 19 5 24 9 26 14 21 0 29 17 6 23 16 25 17 1 11 27 14 5 25 3 2 0 13 18 8 5 22 9 7 19 20 13 25 14 13 25 8 4 28 23 26 29 22 7 16 4 16 6 8 20 14 1 27 21 17 3 8 24 4 29 5 5 1 12 17 4 26 5 20 21 17 11 14 1 6 20 24 21 20 9 27 0 21 26 24 15 17 20 1 5 22 20 27 15 0 2 14 29 15 15 3 6 3 3 15 12 6 7 14 11 2 24 24 29 28 2 11 18 5 26 5 1 20 24 1 29 21 8 13 14 9 10 16 19 7 20 7 21 0 24 0 26 29 19 1 3 10 4 6 25 19 2 27 15 28 26 1 3 24 19 6 23 25 14 13 0 4 4 14 15 1 25 8 24 22 28 5 7 1 19 12 12 16 14 17 15 9 3 12 6 5 11 26 14 4 0 19 0 18 26 19 5 5 10 3 27 8 23 27 23 6 14 9 9 16 17 11 14 17 27 5 0 13 9 15 21 28 24 27 13 29 7 11 14 23 16 0 19 18 5 23 24 11 5 20 11 18 12 26 27 20 18 25 12 12 20 29 23 13 19 12 3 22 15 21 7 25 6 4 29 18 11 18 5 29 0 28 11 20 5 2 25 14 9 22 18 4 4 13 26 21 8 9 4 27 9 0 29 20 17 28 15 27 26 18 17 24 29 6 3 18 25 3 2 23 24 0 14 4 8 23 21 23 12 9 6 23 7 18 25 21 1 4 24 14 15 9 6 2 9 9 12 15 25 19 12 20 0 3 25 14 19 0 8 10 18 6 8 16 13 11 7 15 24 26 25 19 1 12 9 27 15 19 0 21 4 19 15 13 6 14 24 3 7 24 7 14 20 3 14 27 24 4 14 27 26 24 10 16 2 28 27 19 24 14 12 18 24 27 2 3 26 23 19 25 10 25 29 5 29 22 12 1 24 11 23 15 26 6 2 15 12 19 24 6 27 29 28 29 18 22 25 11 2 18 27 20 12 19 7 14 12 19 1 21 4 9 11 17 10 4 4 24 9 10

15
948
20 2 9 15 8 13 28 28 3 22 1 15 19 6 26 28 11 3 13 26 5 12 4 18 17 7 29 16 23 18 0 21 1 18 9 2 18 14 5 21 20 7 19 17 29 5 4 18 10 20 20 22 24 5 11 0 26 18 3 29 4 19 4 2 28 24 29 23 8 28 20 25 28 24 18 17 29 8 9 22 7 0 2 3 19 5 25 29 4 11 3 3 11 14 27 2 26 6 11 0 8 18 19 12 9 15 22 13 16 14 8 8 22 9 14 27 14 2 8 4 15 0 0 7 28 8 4 9 24 0 8 9 18 16 26 18 18 14 14 2 15 23 21 23 27 3 0 26 3 12 9 29 4 18 18 14 9 15 8 24 26 18 13 21 27 7 1 9 3 21 28 0 20 6 14 20 28 7 1 10 1 27 17 23 5 26 15 28 4 23 0 27 11 11 28 26 25 29 7 14 12 24 13 26 28 12 10 0 22 7 26 6 0 7 23 6 21 2 28 10 17 22 21 0 26 18 11 5 24 28 29 1 8 16 24 3 15 6 0 15 24 9 25 2 21 10 1 6 0 3 21 18 26 8 8 9 0 17 25 28 9 11 12 13 29 2 13 1 8 5 1 17 9 13 17 2 15 24 20 29 18 23 27 25 19 18 27 24 2 15 24 16 14 0 21 15 22 26 7 22 24 25 15 21 22 21 19 9 2 12 5 7 14 2 15 1 4 20 6 0 8 23 16 8 26 17 22 22 21 11 10 8 24 2 7 20 18 24 4 17 9 11 12 20 7 16 17 0 16 13 10 8 27 8 21 29 28 13 0 8 19 27 11 26 18 16 13 12 21 6 8 22 18 10 0 1 0 29 15 7 23 13 28 15 3 11 20 25 22 4 12 29 11 24 9 9 11 17 15 2 18 25 0 14 14 13 0 14 14 25 29 1 23 22 9 26 29 8 9 13 8 2 14 10 5 7 16 27 6 26 18 16 22 1 7 3 12 4 12 4 8 18 13 20 10 27 14 4 16 23 14 4 14 25 23 3 21 16 20 2 21 7 20 4 23 7 4 7 7 10 7 4 29 13 3 22 7 4 2 17 10 6 1 16 13 23 16 23 16 7 20 19 12 0 14 12 17 4 19 1 22 12 18 3 7 8 3 14 6 29 19 3 17 18 13 18 24 5 1 9 9 28 27 3 6 3 0 17 13 28 9 5 15 27 16 26 2 15 22 1 15 11 2 5 11 15 25 20 26 5 13 7 11 18 21 17 11 8 18 23 20 7 0 28 26 6 19 10 19 11 27 24 5 21 24 7 11 22 27 17 16 18 15 28 21 0 13 15 2 15 4 11 22 18 23 0 28 3 27 0 4 29 22 2 7 29 0 0 12 0 7 3 7 6 2 2 27 25 13 21 2 3 16 17 26 2 8 10 10 25 8 3 9 20 1 25 26 2 4 9 20 28 14 3 15 16 16 4 20 8 14 27 25 9 28 5 7 12 0 25 20 0 9 5 6 11 14 19 6 19 10 19 21 11 27 4 13 24 24 6 20 16 18 3 19 4 8 24 2 10 15 6 23 17 9 11 8 1 28 23 22 4 7 29 21 10 20 4 28 14 27 5 21 0 13 9 18 26 7 18 28 29 20 12 9 28 12 21 11 24 1 29 27 6 12 0 15 21 1 15 15 16 10 8 20 5 19 19 3 28 19 15 26 27 1 20 16 0 11 28 11 15 22 7 26 21 22 18 21 29 0 25 10 0 19 15 25 0 6 18 18 15 10 21 3 20 21 22 9 3 26 23 21 0 28 3 19 26 7 14 20 21 0 21 17 1 29 21 28 2 23 25 12 16 12 22 19 6 9 11 22 3 22 24 22 21 1 10 10 2 6 17 9 10 3 11 4 29 5 5 7 0 15 12 25 13 21 15 15 16 9 2 3 3 18 16 12 10 0 1 10 12 27 21 15 12 25 1 22 19 1 29 5 4 2 6 16 17 22 10 22 7 29 4 28 12 1 18 4 19 9 25 20 13 29 3 21 11 25 19 16 26 0 11 23 6 8 1 22 8 0 28 21 13 22 13 29 25 1 26 21 26 17 29 16 22 11 19 1 24 21 20 17 10 13 10 7 26 29 11 28 5 12 23 9 12 13 29

15
549
0 15 17 7 8 13 4 2 21 28 29 9 2 19 0 27 18 14 28 23 6 24 4 29 29 22 22 25 10 22 8 11 29 22 28 14 9 10 9 0 8 5 7 2 10 4 0 15 14 24 10 10 8 17 24 12 2 12 26 14 13 23 15 0 3 9 5 22 7 4 9 3 17 22 15 0 26 1 17 25 16 17 18 18 22 6 21 9 12 8 1 0 21 2 22 23 11 25 10 26 5 19 19 22 20 10 3 2 25 20 23 10 29 24 22 14 14 24 12 24 2 21 29 16 0 5 15 20 27 8 4 27 7 8 11 14 29 6 0 5 19 0 14 26 14 4 5 13 22 12 21 20 3 19 24 25 29 23 10 8 10 8 8 7 26 17 3 27 7 28 9 29 18 0 27 10 3 17 11 11 3 21 2 18 15 5 22 9 28 23 20 20 14 21 10 0 3 5 23 7 11 29 26 15 21 20 24 8 13 2 12 21 1 27 2 23 7 21 7 3 16 21 18 10 19 27 20 7 17 16 7 7 22 11 5 18 20 22 0 4 13 15 9 7 15 7 23 20 2 7 18 11 11 7 0 24 10 6 12 16 19 20 18 2 12 11 7 3 9 2 13 4 1 5 10 5 26 0 22 9 2 2 7 5 15 13 11 28 5 23 2 24 6 7 4 4 19 0 14 14 24 26 16 11 29 21 1 20 19 23 22 6 0 14 17 21 14 28 16 27 28 7 18 22 6 16 28 13 18 5 25 16 25 26 18 14 0 23 3 12 0 18 4 25 9 27 14 12 22 16 25 16 6 15 17 15 13 25 6 7 22 23 29 5 6 8 0 12 7 19 2 26 17 25 14 2 3 19 8 13 22 16 17 9 23 10 22 16 4 3 8 6 20 12 23 27 4 19 21 4 23 14 29 9 8 5 2 7 14 12 24 11 0 7 4 22 10 8 22 29 25 26 12 9 20 3 23 5 27 23 7 10 14 5 3 11 18 14 19 26 22 2 23 24 23 22 7 11 10 9 17 20 24 6 4 4 18 23 11 19 24 17 5 9 15 5 18 11 14 5 1 0 21 9 24 6 23 6 21 1 11 26 14 1 18 23 2 0 5 21 12 6 24 11 6 0 0 10 11 29 14 20 11 6 19 26 20 28 26 21 23 12 8 0 23 27 23 22 0 25 20 21 14 8 29 11 23 9 9 22 17 0 26 17 10 10 9 1 0 14 23 23 24 28 2 10 23 8 19

15
346
5 1 13 26 13 14 20 5 25 20 24 11 6 13 15 26 13 10 20 19 0 24 25 0 4 29 5 21 21 15 26 2 10 9 18 9 18 11 19 2 20 6 25 12 6 1 26 17 14 6 2 8 26 3 1 14 14 21 25 26 17 25 2 17 15 10 11 12 27 17 27 2 12 10 7 12 2 18 4 29 29 13 24 8 0 24 5 0 18 11 17 23 10 16 8 10 21 21 4 22 3 11 22 21 4 21 29 23 10 26 11 7 4 22 23 29 20 0 4 22 20 23 9 12 9 8 15 11 26 3 22 8 11 1 28 0 10 27 28 3 6 7 6 2 29 21 7 13 11 11 16 8 19 29 10 0 26 17 10 4 27 16 21 4 16 23 1 6 18 23 12 17 18 14 14 3 11 18 21 29 12 5 27 21 17 20 8 28 14 9 3 19 22 8 18 14 12 16 19 0 1 1 3 11 7 0 21 17 2 27 26 6 13 9 28 11 22 14 3 6 28 22 4 17 20 1 20 0 18 15 16 20 3 11 10 13 7 29 14 17 29 10 25 17 23 12 18 21 2 10 0 12 10 21 8 21 20 6 19 15 18 2 10 12 21 13 0 18 21 18 24 17 5 3 29 26 13 4 6 19 12 26 25 3 23 21 9 3 20 28 3 23 22 23 22 13 23 16 6 7 28 1 9 7 26 3 9 18 0 16 15 26 17 12 16 23 18 13 18 23 0 25 29 25 24 26 20 23 23 3 25 2 7 13 2 27 20 1 22 19 1 24 23 22 21 22

15
570
2 23 6 10 12 4 26 4 16 4 2 29 19 21 28 22 1 11 25 3 1 26 11 12 14 0 2 17 24 14 27 26 4 2 2 14 21 11 29 2 26 3 23 27 16 15 22 0 6 24 8 4 1 27 28 23 2 26 20 26 25 4 4 3 25 2 6 10 28 6 11 2 15 29 23 9 18 28 24 8 16 22 16 1 2 26 21 0 0 14 2 25 7 5 2 8 29 27 20 26 26 25 8 16 1 23 8 11 3 9 27 13 8 0 15 27 10 29 19 23 2 11 3 18 16 26 2 8 22 8 3 25 25 0 18 14 9 10 17 0 10 6 12 2 6 17 29 26 8 3 23 28 8 2 7 5 1 6 8 25 28 16 25 4 16 25 25 11 16 1 24 11 16 24 9 18 27 24 27 19 10 18 14 22 17 6 24 3 12 10 3 11 24 5 21 17 23 10 12 9 1 26 4 2 21 3 29 28 25 13 19 16 11 10 23 16 17 17 1 3 5 7 22 28 11 5 18 20 13 27 19 12 7 16 11 23 18 18 8 25 10 23 16 25 17 2 24 1 2 28 9 25 26 29 10 7 5 0 12 28 23 23 22 27 6 29 1 28 21 22 1 10 20 10 2 16 22 28 22 16 8 3 6 22 12 0 9 16 12 28 9 15 27 20 10 25 13 18 4 27 2 6 19 14 9 26 27 11 4 10 25 14 26 20 16 14 15 28 9 9 20 0 21 17 13 12 5 1 28 25 27 28 23 11 8 17 10 24 12 19 14 18 22 10 17 11 24 11 23 20 25 3 14 17 13 3 25 0 24 20 13 27 5 23 3 4 6 2 21 24 17 6 5 27 24 12 24 20 3 22 1 20 11 9 10 1 27 8 29 20 1 27 26 5 20 21 11 6 14 29 12 28 3 10 22 8 5 23 27 12 3 10 13 23 28 13 3 20 22 5 7 9 29 8 2 19 29 4 13 5 14 20 6 16 23 6 25 5 22 20 17 21 15 7 19 12 19 16 22 23 5 13 24 1 23 11 13 18 25 17 26 20 20 26 3 6 8 25 20 5 13 11 11 27 9 18 26 25 29 28 5 27 22 27 9 6 17 18 27 25 10 23 8 23 19 13 25 16 8 19 10 6 4 4 15 2 12 0 23 2 22 1 16 21 23 1 17 26 12 5 9 27 17 4 9 8 17 21 11 13 12 13 9 12 22 10 14 7 5 11 17 1 0 19 27 21 9 8 8 12 4 25 11 26 19 5 20 14 7 9 8 19 20 26 26 5 9 17 14 22

15
931
16 0 4 27 4 17 0 29 24 25 20 25 21 28 13 14 26 10 13 26 15 6 13 29 18 29 1 26 10 10 1 4 0 28 8 3 8 7 24 11 2 3 15 16 14 21 20 29 20 1 3 13 21 16 28 20 18 7 9 25 12 2 2 19 17 16 4 12 21 22 22 1 3 5 13 2 20 14 15 2 8 3 17 27 2 12 4 18 19 26 13 2 27 2 29 1 25 12 17 5 28 28 13 1 24 10 20 15 14 13 27 7 12 13 10 16 6 4 18 29 18 20 21 21 27 14 9 20 27 17 11 18 12 29 15 15 3 3 29 22 25 17 17 3 5 8 9 9 24 13 27 18 9 24 24 25 4 28 9 14 21 1 24 21 11 26 14 8 22 8 0 8 3 0 7 10 29 2 8 1 12 5 15 24 18 6 25 27 27 24 3 2 22 15 22 21 13 0 4 28 27 29 28 22 20 7 11 29 8 18 17 19 17 11 21 19 10 11 25 28 13 22 14 16 17 4 17 28 4 0 14 24 12 14 18 24 16 14 7 8 27 14 12 27 21 16 5 2 4 1 9 19 5 3 19 0 14 9 0 6 9 16 18 15 18 17 27 21 16 17 13 0 17 25 5 29 22 25 22 12 16 22 1 5 17 28 27 2 23 17 23 1 22 4 12 27 3 2 21 21 20 25 23 19 16 6 0 19 14 15 23 17 22 2 25 20 4 24 9 25 0 16 29 1 23 17 29 27 19 17 17 1 10 18 25 13 22 29 8 26 22 5 22 28 28 5 11 12 17 28 6 11 24 17 12 20 13 13 17 5 3 28 15 10 7 12 5 11 7 23 27 28 18 22 25 19 0 7 29 12 25 9 25 21 5 12 29 24 16 6 26 17 25 25 16 9 27 16 28 17 18 14 21 26 13 1 0 5 7 27 16 13 27 18 29 16 18 4 11 26 8 15 10 3 24 4 25 17 25 22 5 8 3 21 1 4 16 29 21 4 23 7 0 18 6 4 0 3 12 19 11 23 15 14 24 17 16 21 9 17 19 22 18 12 18 1 2 8 20 17 9 15 1 6 20 20 9 10 4 1 6 9 26 6 17 19 8 26 0 3 21 26 1 13 20 7 18 23 1 13 25 1 19 27 5 21 16 8 29 26 10 22 0 13 20 26 5 14 28 29 8 3 12 23 8 1 23 27 3 24 0 17 25 12 27 7 9 29 21 6 27 22 15 19 27 25 6 19 20 11 24 16 3 6 24 20 9 9 27 9 0 25 26 19 27 29 7 9 14 12 11 4 4 7 24 0 7 2 20 1 2 8 9 7 20 0 6 5 6 15 14 0 28 10 29 1 13 29 14 12 6 29 21 12 12 18 0 13 19 5 10 27 19 22 28 8 28 21 20 1 25 20 22 16 29 24 9 12 28 15 0 18 22 18 19 27 4 17 24 18 26 13 0 21 20 12 21 29 9 12 8 1 9 3 18 6 9 19 23 27 17 19 29 22 14 21 26 4 19 4 0 11 29 29 17 23 24 26 13 14 1 8 1 29 22 12 15 2 12 19 5 9 16 28 9 2 19 12 3 1 19 10 3 26 2 17 26 9 2 2 8 5 1 13 25 24 12 23 17 18 2 3 10 26 20 0 17 11 0 29 1 3 18 5 15 10 17 17 1 25 19 28 6 11 7 1 4 24 26 23 3 8 15 1 8 23 23 6 13 26 1 5 19 14 9 15 23 7 7 0 11 9 16 11 8 18 24 6 9 4 5 25 20 5 27 28 21 9 15 22 10 13 17 1 16 22 5 22 16 4 22 17 28 18 25 21 12 11 16 20 4 20 9 12 21 11 7 2 25 29 13 14 20 15 9 27 21 3 2 24 9 16 7 14 12 18 2 5 23 24 5 3 10 28 23 0 27 11 15 20 20 17 17 29 26 12 26 0 29 20 21 12 20 6 0 2 1 2 29 1 16 23 13 1 6 20 14 24 17 22 15 10 0 8 16 26 21 6 26 6 4 1 5 1 3 7 15 25 18 28 28 19 20 14 1 24 28 20 26 5 20 24 11 12 17 19 0 18 7 20 25 23 8 8 6 0 26 16 18 28 2

15
353
7 11 27 15 26 25 4 1 16 16 17 17 10 1 12 2 1 4 16 7 22 16 20 16 27 22 22 23 7 23 3 7 12 12 0 28 11 16 10 1 4 29 0 11 29 21 25 26 5 29 6 20 3 5 27 5 4 7 18 10 13 16 13 7 23 23 15 21 3 14 27 15 23 29 27 22 6 0 23 1 28 16 29 27 25 11 12 21 18 26 22 26 21 21 12 13 14 5 19 7 15 23 3 14 1 21 17 24 6 7 0 13 19 5 25 16 7 27 9 14 6 23 29 28 10 13 4 28 16 29 14 13 23 21 13 28 6 1 18 16 28 14 2 24 17 21 22 8 19 24 27 8 27 14 13 20 22 0 26 21 20 6 14 15 25 12 13 9 26 14 25 22 23 10 25 19 12 7 19 1 28 25 18 29 29 7 23 26 1 23 29 2 1 26 12 14 19 23 29 22 16 5 6 29 28 19 25 9 8 26 25 1 17 20 4 17 0 27 22 0 16 27 19 27 16 27 24 15 21 29 15 5 4 1 25 7 28 4 28 6 3 21 17 27 20 13 11 15 16 23 15 22 5 8 4 23 17 26 2 10 4 5 3 18 16 6 3 0 18 27 9 12 1 26 25 9 29 20 20 19 8 11 1 10 2 24 17 26 5 0 10 10 3 12 13 5 16 19 14 0 17 6 27 2 13 21 1 8 24 26 9 19 8 29 19 6 28 5 9 29 20 16 26 12 17 2 12 26 0 9 22 26 23 12 6 21 25 25 18 11 27 23 5 6 6 6 2 10 16 19 6 6 7

15
139
22 8 3 8 26 2 16 9 5 6 21 17 25 6 8 27 21 20 15 26 8 20 21 16 13 27 10 24 9 26 12 21 18 0 15 10 21 20 22 23 1 3 14 3 28 26 18 22 2 3 6 24 28 23 4 17 14 13 9 4 21 6 19 0 17 29 8 26 11 29 5 11 20 29 12 0 23 5 7 17 25 4 8 13 26 24 17 7 19 9 17 21 16 16 28 13 28 23 18 8 18 12 26 15 6 14 23 22 10 3 18 13 7 27 16 6 23 11 29 6 11 13 25 2 19 0 20 10 4 16 15 11 19 11 5 9 0 19 8
